Pos	A	C	G	T
1	0.023	0.939	0.012	0.026
2	0.019	0.041	0.887	0.053
3	0.015015015015015	0.189189189189189	0.770770770770771	0.025025025025025
4	0.343656343656344	0.210789210789211	0.230769230769231	0.214785214785215
5	0.128128128128128	0.461461461461461	0.337337337337337	0.0730730730730731
6	0.238	0.286	0.327	0.149
7	0.627627627627628	0.118118118118118	0.189189189189189	0.0650650650650651
8	0.145	0.283	0.427	0.145
9	0.866	0.041	0.09	0.003
10	0.0989010989010989	0.240759240759241	0.398601398601399	0.261738261738262
11	0.129	0.237	0.22	0.414
12	0.212212212212212	0.35035035035035	0.291291291291291	0.146146146146146
13	0.079	0.461	0.321	0.139
14	0.124	0.137	0.274	0.465
15	0.066	0.803	0.081	0.05
16	0.038961038961039	0.836163836163836	0.104895104895105	0.01998001998002
17	0.053	0.024	0.894	0.029
